1 trials 100 generations
Determine if organism can form associations between inputs.Trial 0
0.6276516326498341
0.6291680820284837
0.6310367586927417
0.6328255093065189
0.6348885558597915
0.6367103621521852
0.6384305108502073
0.6400976830594904
0.6380329652339978
0.6355632280019209
0.6323031900924666
0.6287423563506946
0.6250900892685272
0.6210072106784147
0.6164201839559822
0.6112773889608564
0.6061147101171586
0.6026438969633101
0.5990197300009906
0.5946735442303909
0.5882276906463417
0.5797803178537878
0.5698055137678499
0.5593475693642187
0.5507602811157195
0.5434707032159493
0.5370365475767546
0.5344175667564529
0.5317955026764435
0.5291676637943413
0.5264223636297289
0.5255081046222199
0.5246790052733055
0.5235299786619138
0.5220636871244182
0.5200403021666544
0.5179264361762647
0.5154867344068446
0.5128423415652944
0.5099688378073353
0.5068650949744
0.5033657837757864
0.49952062347918674
0.4953839656728585
0.491146099924737
0.4868388791559263
0.4825735719351408
0.47831480849721536
0.47408317606746164
0.47006030157815115
