1 trials 100 generations
Determine if organism can form associations between inputs.Trial 0
0.1377691426290224
0.15216460246002225
0.1370676135478765
0.12112823154201732
0.10172572399350699
0.08292543947060307
0.07198374005473704
0.06300985380504674
0.05876060869015497
0.06242556367375944
0.06626265346379626
0.07296077557421084
0.08523066262993503
0.09364651996845513
0.10428549556141012
0.10738469120101976
0.11049666692318563
0.11345471748827327
0.11540758121391641
0.1202506364749488
0.12199902928350845
0.12223255862637246
0.12303702736614161
0.12542929839166003
0.12882708147761063
0.13423396344700073
0.1436395819058969
0.15699128779663046
0.17286034313027787
0.19533924267896952
0.2268472548711818
0.2563205542641354
0.27819444873415833
0.300875957026337
0.32660880985282703
0.352116208349428
0.3727803113635158
0.3899589084878152
0.40408718293045026
0.4173322211512396
0.4363405789281211
0.4551423995335492
0.4706172652164245
0.47886377187142315
0.48215321269496475
0.4841816495949243
0.4838087765605388
0.48397066046455794
0.4837048721527434
0.481568599582843
