1 trials 100 generations
Determine if organism can form associations between inputs.Trial 0
0.160493271161733
0.16724416120542088
0.17362929780411956
0.18228576523919432
0.19307483861710967
0.20173874269601977
0.20859794063085557
0.21063717747766453
0.2170369776681774
0.22521061492473066
0.23266306917203466
0.23833951809922996
0.24432844913705462
0.24972174254616059
0.25556729147478674
0.26270898358445616
0.27183917339782426
0.2815433199252543
0.29432849546850437
0.30785094489148385
0.3176990706886537
0.32316996656193603
0.326494424084857
0.3294428085168562
0.32974909134351704
0.32575246121076495
0.32200163076390476
0.3194154093054641
0.3143939617331816
0.31339951108476466
0.3116327569883786
0.30938732641775724
0.30573180351447854
0.3057011343600577
0.3082851697233636
0.30974790901631943
0.31309417812007834
0.3125997028279618
0.31347307058249274
0.31427773784570856
0.3138329784042842
0.3134190991119945
0.31267814261924476
0.3132067796168768
0.3153980983461785
0.31579430522978374
0.3164909701715807
0.31607617186856607
0.31623128209474866
0.3182965328602547
