1 trials 100 generations
Determine if organism can form associations between inputs.Trial 0
0.13381723814948648
0.14166138298297024
0.15161618900391846
0.16215986474004912
0.17270354047617972
0.18324721621231038
0.19379089194844104
0.20433456768457167
0.21487824342070233
0.22542191915683296
0.2359655948929636
0.24650927062909425
0.25705294636522485
0.26759662210135554
0.2781402978374862
0.2886839735736168
0.29922764930974743
0.3097713250458781
0.3203150007820087
0.33073600676393444
0.33718253619324595
0.3394979810095168
0.3416893674186053
0.34388075382769373
0.34607214023678223
0.3482635266458708
0.35045491305495924
0.35264629946404774
0.35483768587313624
0.35702907228222475
0.35922045869131325
0.3614118451004017
0.36360323150949025
0.36579461791857876
0.3679860043276672
0.3701773907367557
0.37236877714584427
0.3745601635549327
0.37675154996402116
0.3789429363731097
0.3811343227821982
0.38332570919128667
0.38551709560037517
0.3877084820094637
0.38989986841855223
0.3920912548276407
0.39428264123672924
0.39647402764581774
0.3986654140549062
0.40085680046399463
