1 trials 100 generations
Determine if organism can form associations between inputs.Trial 0
0.17062521526475055
0.1613020447106142
0.1673358573833846
0.16700776593827132
0.16965525252466832
0.1710402962811714
0.1646150837421599
0.16899551855595069
0.17335115180950084
0.17194705617169007
0.1731759168357206
0.18118746651189127
0.18371801371334293
0.18551095788107191
0.19434682645390122
0.197245627114577
0.2010320230188291
0.20859735785708047
0.21942417471395004
0.2371901118392775
0.24805171893156114
0.2520692799172216
0.250635810054878
0.2555443786089771
0.24738169482524927
0.24663435827441643
0.23226176010336608
0.22704799867655626
0.228548085102703
0.22321058980273784
0.22508271364098023
0.2193672825222838
0.21982735029652573
0.22608419665456198
0.23245010858126544
0.24272804799491837
0.24906088912153018
0.25814956641789255
0.2657555423950676
0.26854097440881214
0.2784147098404123
0.2873218167814712
0.2865884208973289
0.2859596618547422
0.2901651352248684
0.2954177289416938
0.2971584575663554
0.30227675140130444
0.3049209532147442
0.2947004260030772
